$ANSIBLE_VAULT;1.1;AES256
66366233636665383834336362303632306332316464383563363136303934356132613638373262
6632626239393062363333376466663762653865613961380a656136633438626332626238616439
37303137333365366632353438363564353435653566323634393837363436393466356163393232
3739643232303965630a663762356461633765306333663761343061396365306561396161353235
63376534633666326632373861323634326534323833616637633462626639353431616135343530
31666438633266366461306639623665653533643030336536313535303762356134363864616333
35666332346630363562663532396430373133333832383231363061623163613838646363323431
61306531323266313266633262363133326637313963336563343965626230353936313332356237
63316464653865646339356264626335616531306135386439653937636339633430313163316633
35643933666637643435313530323531363331373162616366346334636530626132396437313030
66373062666266393139646138623063333261656632356635666435306561303034336364643734
62343965343661333639346137313565303235356661343338383838383231313062346438656464
35383462326533386537646137626365313365616639323536363665663137346132356665613937
37623238646135393239366437326231393063666434666666666463613564386566623264333561
34313665303034346165353261343864666261616565356137616638353733356463313563393835
33356363396263303761363332643633323962383439313039356439616138363230336466633562
34623565643031613362356432323766366631303164643166666136613032653061623538636634
34343732383339626461333133656365333833376234316536663963373664323061336265346139
66633838313963313236653662393563346238373431643537653832356239616538363830663937
37613534333236346535383133626565663734346463343665376535646439653031376532326135
39366664643432326132303939396633393135323735333831623262333063323564336563366139
63316135366665326234613466653832346535353861623134633236356632316635376465376663
66643764313535306266396465363439316466353930393732646538316161633638646638393364
37666336633066326161
